0 0.8882211538461539 0.28846153846153844 0.21875 0.4110576923076923
0 0.6105769230769231 0.4110576923076923 0.40024038461538464 0.38100961538461536
0 0.23197115384615385 0.5024038461538461 0.41346153846153844 0.40865384615384615
0 0.8064903846153846 0.6586538461538461 0.38100961538461536 0.40024038461538464
0 0.49399038461538464 0.7800480769230769 0.4182692307692308 0.3942307692307692
0 0.22956730769230768 0.8088942307692307 0.3557692307692308 0.3016826923076923
0 0.8990384615384616 0.8774038461538461 0.1971153846153846 0.2403846153846154
0 0.6298076923076923 0.9110576923076923 0.3786057692307692 0.17307692307692307
0 0.265625 0.9399038461538461 0.3762019230769231 0.1141826923076923
0 0.5625 0.10216346153846154 0.3473557692307692 0.20432692307692307
0 0.8449519230769231 0.10576923076923077 0.30528846153846156 0.21153846153846154
0 0.34134615384615385 0.18509615384615385 0.40384615384615385 0.3701923076923077
0 0.16706730769230768 0.2283653846153846 0.33413461538461536 0.3317307692307692