0 0.6322115384615384 0.40865384615384615 0.21394230769230768 0.30408653846153844
0 0.9074519230769231 0.8016826923076923 0.18389423076923078 0.203125
0 0.6466346153846154 0.8245192307692307 0.1875 0.3269230769230769
0 0.9423076923076923 0.8701923076923077 0.11298076923076923 0.2439903846153846
0 0.3269230769230769 0.8786057692307693 0.19591346153846154 0.23798076923076922
0 0.8016826923076923 0.8870192307692307 0.2091346153846154 0.22355769230769232
0 0.5372596153846154 0.8954326923076923 0.23798076923076922 0.20432692307692307
0 0.22235576923076922 0.9254807692307693 0.18509615384615385 0.14423076923076922
0 0.41225961538461536 0.9290865384615384 0.17067307692307693 0.13942307692307693
0 0.6081730769230769 0.9471153846153846 0.25 0.10096153846153846
0 0.8954326923076923 0.953125 0.20432692307692307 0.0889423076923077